x=[0,10,20,30,70,113]
y=[5,4,1,1,1,1,1,1]